105.741087
20.490193
27.172853
27.470051
20.992095
25.347448
31.181807
13.95596
14.250413
18.205375
55.084905
16.885237
13.128848
19.851055
7.383897
10.695973
12.145564
13.185536
11.754929
7.237092
11.678527
18.79408
11.438817
17.089381
7.271446
7.854901
18.692569
14.259119
13.352979
11.374696
11.0948
10.788307
10.988943
13.356075
9.933793
11.451551
11.622051
8.572317
11.91488
10.922749
8.94162
10.050713
9.781196
9.752482
9.934344
8.822808
9.329849
8.63199
8.612613
8.829861
9.803217
5.661215
5.475906
6.810151
13.717394
12.939502
9.272861
9.54851
7.764572
10.798876
15.152395
9.132809
11.456229
11.195912
8.541981
7.830666
17.403391
10.472705
8.522254
6.227547
12.357722
5.423838
10.129981
8.727748
5.913918
7.942666
10.648063
16.366024
9.329659
10.035784
9.009168
9.075582
9.443663
9.594737
6.029466
12.58596
51.402174
7.935975
9.670891
13.259797
10.593973
8.793213
7.683911
11.067742
7.081501
11.253602
7.195225
7.82117
8.33821
7.210333
6.802959
9.570592
9.885744
8.957542
8.998659
5.45049
7.904446
13.300523
9.469303
8.572951
8.792232
7.898845
8.261045
7.072795
9.468882
7.188241
6.749898
7.007131
9.06852
9.919598
7.61899
8.481549
6.715073
4.585266
4.689933
11.879265
8.707312
8.214669
7.493133
7.889658
9.337335
7.832721
8.875828
7.194604
9.451239
7.726501
8.671025
8.899774
6.783162
7.251691
5.694458
6.864012
7.773169
6.035498
7.331721
6.696699
6.997174
7.910707
7.542166
7.275906
6.984209
6.949984
5.030421
7.459781
8.067893
7.621835
7.991038
34.481851
9.835551
9.820572
8.312783
5.074174
6.730684
8.733893
7.287759
6.466788
9.416385
6.411975
13.533762
4.917671
4.673342
5.198588
5.161678
4.918792
4.670917
6.832865
7.066283
7.532959
4.425556
7.049502
10.516369
6.6488
6.319421
6.660942
6.570804
6.006524
7.109144
6.426071
6.744629
4.297306
7.383299
4.916498
4.279343
4.425256
6.452852
5.127384
6.539705
4.42251
6.27021
6.320784
9.378383
6.678386
6.993447
7.124864
6.208473
7.126225
6.939496
4.304249
6.77182
7.721663
6.590811
4.516568
7.526647
7.226684
34.260697
9.595832
7.463459
8.127325
8.184302
6.731825
6.394262
6.183957
6.431121
8.226912
5.762897
6.439156
11.291183
6.301037
6.612491
6.356731
11.641671
6.80395
7.367639
9.994704
6.902722
6.861555
6.440445
7.167129
8.457921
6.173694
7.34975
4.16234
7.507537
10.11018
7.28522
7.630137
4.299618
5.968659
6.343994
6.202178
7.493771
6.422231
31.362358
5.933794
6.190806
5.399081
5.588707
5.14824
4.997608
18.140078
6.794219
6.856065
6.168034
5.998526
5.749528
6.520104
5.703131
5.610527
5.688594
7.201252
6.162062
6.686085
6.491912
5.821754
6.076432
6.014455
17.13376
5.587565
7.325305
7.001067
5.899731
7.834341
7.396279
3.876503
3.94368
6.071272
5.637649
5.777812
5.849646
5.956256
6.002113
5.957549
5.358154
5.549463
5.086835
5.396186
7.88711
6.225903
5.106993
4.249915
4.740115
5.926821
4.260936
7.035962
5.703042
5.594457
7.264723
5.468872
5.996873
6.88559
5.434136
5.936719
6.28876
3.64026
3.340147
5.030079
5.0254
6.926268
6.339706
3.73555
5.736524
6.27786
14.432702
6.088956
4.479646
5.977687
6.113321
5.608023
5.444497
27.512481
2.704966
2.507425
2.445509
2.242058
2.506804
1.959287
2.746093
2.124567
2.743398
2.116021
2.187866
2.588587
2.053323
2.257397
7.219207
2.538053
2.767453
2.609006
2.075395
2.828989
2.828849
2.409492
2.340262
8.290067
2.038125
2.593386
2.636638
2.119217
1.868286
2.036121
2.216459
1.8385
2.336635
1.682016
4.107588
2.476397
2.454176
2.177115
2.373444
2.22206
2.896966
1.817662
2.201071
1.893964
1.654475
2.111413
2.184159
2.125809
2.382581
1.602958
1.912659
2.779737
2.182947
1.851515
2.176124
1.914914
1.985166
35.376613
2.583038
2.911765
2.786449
2.796188
2.66921
2.522094
2.655954
2.565034
2.546399
2.579952
2.565595
3.371528
2.554564
1.879988
2.347466
2.635216
2.458745
2.158461
3.880302
2.78154
2.422395
2.752656
1.933939
1.698137
2.459526
2.36036
2.415203
2.382552
2.041542
2.379175
2.8132
2.274879
2.654251
2.757836
2.254882
2.307391
1.986258
2.443456
2.252588
2.263117
2.257196
2.264891
2.597083
2.320695
2.788473
2.383563
2.144004
2.06172
1.481711
2.61064
2.993398
2.422386
2.59493
1.886531
2.936331
6.580621
2.257266
2.204367
2.662938
2.391668
2.230616
2.219365
2.491195
32.672479
6.120116
7.194022
6.086573
6.542509
6.429477
6.296397
4.859209
5.563492
6.028884
5.462893
5.730646
6.230133
9.673715
6.613572
8.262056
6.389843
5.567729
6.455035
6.6342
5.477651
6.549763
5.116393
5.608796
6.32493
5.396479
5.457463
5.764929
5.210148
5.119799
6.627549
6.935978
6.584738
5.539738
5.387211
6.044885
5.776701
5.288947
5.752246
5.800467
7.073215
6.605918
5.59426
5.256695
5.363115
5.931323
6.391335
5.959485
4.02803
5.262377
5.286742
5.694226
6.219223
5.525681
6.188946
20.805186
5.101875
6.314571
3.629362
4.676708
6.290987
5.414802
5.287504
7.695583
5.411727
5.55771
3.611317
3.721274
3.601679
5.101524
31.158121
2.255042
2.285159
2.439047
2.329472
2.28584
2.328571
2.375709
2.47776
2.475687
1.797603
1.241661
2.184109
2.055017
2.229835
1.922729
1.972852
2.217913
2.603607
2.254612
2.645294
2.08295
1.936164
2.069945
1.980296
2.155987
2.202955
2.079222
2.460999
1.931675
2.473753
2.296981
50.46529
15.216109
11.755995
10.827502
11.420866
12.77088
11.803654
8.895406
9.457872
8.245807
7.944532
7.209692
9.714914
13.9915
41.079705
16.185109
14.771205
17.945603
13.466937
15.562239
14.635901
17.775153
14.979184
16.823507
18.291703
11.583662
20.571572
24.88588
17.075089
19.797058
12.704055
11.330968
15.761193
13.600818
7.798888
13.056266
12.093429
10.916149
11.283609
12.077779
8.58828
14.805479
12.188748
10.595277
14.983824
18.510964
11.053868
13.10095
12.196863
8.531403
18.096857
13.188574
11.072252
12.969984
13.209173
13.736563
16.314
8.511766
127.244449
16.774666
8.551171
7.425458
8.395027
8.672918
7.252041
9.685199
8.964155
10.933823
11.044551
14.589775
9.521182
8.80135
8.048367
8.105845
6.844477
9.273597
7.920497
9.45669
7.010649
9.787722
8.929761
9.438295
7.951435
9.693174
14.051425
7.086231
8.165006
6.735333
6.564712
9.582566
6.527623
8.453868
8.500836
7.65586
8.626001
10.233989
8.803133
8.350124
9.12682
9.473481
9.812618
6.796738
22.520662
8.147763
19.775468
9.622992
7.702277
8.818934
8.730989
8.965609
8.410256
7.723487
8.131613
8.007981
6.722137
111.713414
24.415278
23.501101
30.299551
30.745408
15.955418
18.819214
27.850214
13.582263
15.205681
20.018004
15.748029
16.320563
13.355799
11.856745
11.199371
12.528406
14.269725
21.417621
10.853801
12.99971
14.365444
12.291992
12.671043
12.626629
18.732721
18.99888
16.37732
10.922342
12.547441
14.29935
18.394346
15.768036
11.233635
9.879234
7.015267
10.509807
13.105269
9.341434
10.108023
14.208008
10.582723
10.505609
10.522561
14.277519
10.599185
6.73402
6.38769
10.081773
6.399882
10.175129
10.727756
9.957391
11.466162
10.315752
10.475723
12.226289
10.998945
10.313348
9.980132
8.319926
8.922097
5.823411
49.647117
16.295426
23.702309
20.397226
12.941441
8.819635
9.92002
9.394373
15.094502
8.975637
9.084792
7.64486
8.440532
10.239109
8.235799
7.760657
5.00767
16.878631
11.559998
8.095184
6.807157
9.9468
8.070388
11.308787
7.881904
8.693748
7.915027
9.855348
7.322754
5.515222
12.95714
9.684669
10.680117
8.93432
7.669385
7.892084
7.740058
8.136442
9.013798
7.721755
8.472292
8.403232
9.032604
6.167116
7.688682
8.358519
9.364858
9.732788
6.786427
8.549387
8.197146
7.514334
8.032107
8.553074
8.164464
8.750785
11.024173
36.670131
6.235083
10.007815
8.533237
4.990027
10.583756
8.970989
7.373671
12.133495
9.727048
6.937502
7.782328
8.823271
5.565667
7.87386
8.777345
8.558484
8.102229
12.138995
9.766972
8.42876
9.016074
7.968858
9.0886
7.717897
8.15189
7.98617
12.635016
11.923931
9.538072
9.492589
7.39967
9.386769
11.302144
8.120623
8.506827
8.692116
10.544562
7.099717
8.477142
8.866874
11.239316
8.075718
14.421709
7.855605
8.603909
6.471878
7.846448
8.252931
8.555429
8.666427
7.239909
7.255639
7.307606
8.115192
8.341006
4.844984
10.20222
6.76652
7.848182
7.92727
7.954711
7.343784
14.270987
8.337809
7.681529
6.784735
6.614205
7.951976
6.512443
6.766761
7.081232
7.416201
6.538633
6.896053
8.027619
7.316694
7.901932
32.867543
7.288791
6.797799
8.677518
7.696907
5.727881
7.428293
8.036204
8.217084
9.031343
7.414778
7.553779
5.542634
7.124212
8.512929
8.515144
6.861149
7.528992
8.897049
7.089146
7.91212
7.436809
7.465413
16.138362
7.182061
15.340744
7.637356
6.825231
6.954584
6.882629
6.821844
8.892571
8.058956
7.833935
7.145162
16.962248
5.001378
6.470175
6.56954
7.003686
6.305645
6.648299
6.843235
6.869474
6.228972
7.160079
6.964322
7.758061
6.243479
7.462107
7.063899
6.480434
5.943115
5.836585
6.289505
6.835291
6.043123
6.876237
6.445959
6.811255
9.401957
6.187163
7.125294
7.15027
6.886706
7.359814
35.258922
8.169945
6.981305
7.826109
4.995617
7.498866
4.989325
6.72326
10.899939
7.668104
6.707841
8.75322
6.742396
7.058128
7.899759
4.959468
4.718937
4.760757
8.244546
8.058376
6.588617
7.826189
7.818936
7.514154
4.599944
6.5476
6.229883
6.598155
14.842299
6.674047
6.383903
6.800835
6.175421
6.582765
6.199136
7.349856
6.416585
6.247786
6.146687
6.469473
5.994031
6.154392
6.33979
7.125825
7.681548
4.811271
7.3792
6.31347
6.443123
5.073252
6.031571
4.442197
4.721463
6.667855
6.238861
6.394272
5.8921
4.534752
5.61495
6.805614
6.466849
7.535023
5.953765
5.906838
39.99437
7.077273
6.848234
6.794543
6.984941
7.388017
5.997487
7.460423
7.364814
6.549905
6.407918
6.918496
7.231123
4.473087
7.345958
7.050404
7.179395
6.781659
6.958511
6.955486
6.18557
5.738672
6.259119
6.287592
6.460055
7.228327
6.876066
6.848515
4.417221
7.422362
7.848171
5.821417
10.632346
6.444206
7.188173
7.082424
6.906564
7.04309
6.179498
6.547249
13.272544
6.326615
5.5036
5.927597
4.477864
6.368283
7.046376
6.722528
5.973683
6.561446
5.745393
7.837913
6.67541
7.73599
6.702191
4.42173
5.398302
6.304243
7.596639
7.312406
5.961198
7.215763
7.222245
5.012599
6.388502
5.875178
4.370815
4.572051
4.940473
76.579368
24.277606
32.322894
19.836306
16.756744
30.473659
20.909639
13.619351
19.119435
15.078511
16.705366
19.789197
17.472442
21.24037
12.850903
19.670031
14.167103
12.370808
13.314877
23.352659
17.539086
17.862425
16.992687
15.263397
11.031253
7.007102
15.142148
15.574412
10.742548
19.183621
10.836034
16.842881
9.871668
10.833449
6.960803
13.337406
11.066797
9.530344
10.688475
13.119424
22.14766
10.372128
11.47778
9.231509
8.840944
9.915198
9.784701
9.737622
15.399316
43.84354
13.849481
14.893154
8.833744
6.93762
7.54974
11.805841
8.550522
12.723034
7.151041
8.587471
5.919076
12.200372
9.738775
11.555019
10.115653
7.846257
6.52796
12.261587
9.648045
10.300901
7.813927
8.634709
7.923262
8.572602
8.797085
9.669955
8.522238
8.700272
9.410207
8.2575
6.953499
33.869238
9.663209
14.135724
11.163298
9.604859
11.183667
15.739438
7.941874
9.465176
8.627062
9.095913
8.570907
7.763599
9.03567
7.932076
8.81748
7.5085
8.577438
5.754704
9.698324
14.119022
10.9888
7.868867
5.558235
7.931314
10.482819
8.47224
7.263039
7.912109
8.169011
9.779398
8.423349
9.220146
8.56767
8.499182
7.747228
7.085525
8.297883
8.282784
7.301049
7.37016
8.616111
4.574907
7.657429
8.244292
9.145656
5.49677
7.442906
7.304506
7.614509
7.141509
14.507451
10.564351
5.330747
34.654896
6.064795
8.81837
11.310723
4.90181
8.77599
9.3773
6.611863
7.107936
5.247269
9.223881
6.611904
7.454778
5.032837
7.748369
7.141068
8.010782
4.861846
7.332087
7.939538
6.93961
6.426405
5.410296
10.276047
7.482659
7.555666
7.860489
8.602994
7.662837
8.051868
6.050819
6.617393
6.463394
6.540319
6.528396
7.470477
6.894324
7.077728
8.395065
8.22813
7.651056
6.286072
6.929319
7.384675
7.000383
6.920153
6.607986
39.782639
12.649474
21.861895
15.735741
17.654614
18.396947
17.673019
17.946833
12.626352
16.743653
13.394874
11.192178
12.217293
21.505555
10.615445
10.278393
12.753641
12.729395
11.802213
21.226372
11.045062
6.526466
13.073962
17.686123
10.180629
14.067257
12.5352
10.423885
23.906204
14.45748
15.136556
14.167265
60.429521
30.947376
23.635144
19.683394
19.688423
12.501166
22.805668
9.86174
21.559707
7.026395
24.701627
17.181916
19.581792
13.212041
12.791532
18.887578
15.695234
13.369026
12.129909
12.891909
7.819515
15.009346
16.849792
13.687905
18.635766
13.787882
15.306854
11.426699
10.518974
12.855781
10.152185
16.565448
12.461491
10.982324
15.040976
20.371455
219315.284846
132311.058987
57.569631
12.438167
29.746226
13.974782
11.28872
10.227488
9.585561
9.167077
9.611301
9.921753
5.993129
5.470288
12.491045
10.693532
5.819133
10.266651
11.708287
63.137066
13.328089
11.854993
14.950874
14.966084
18.921488
11.344635
11.129021
15.488214
13.218563
7.997152
11.202659
16.579391
7.245561
7.484359
9.400105
19.471591
10.786408
13.710446
12.439029
10.089529
14.759325
8.651841
9.059546
8.928801
8.748913
9.374236
9.217483
10.607321
10.107453
9.278798
8.924333
14.899338
9.648191
8.82671
8.903503
9.593358
9.995343
8.408674
32.696186
14.814759
8.58784
9.099441
9.421445
10.284786
8.531074
9.270893
20.111192
9.055078
10.861709
8.914303
9.194139
10.912024
9.504352
10.117432
16.313563
11.700624
9.477992
15.798336
10.188936
9.02436
6.596483
8.588923
8.271186
8.037898
15.955121
10.34531
13.437454
8.830777
10.785826
9.017988
8.300251
7.789933
5.493322
5.388215
7.899037
9.248111
7.06377
5.424934
16.629997
7.861778
8.211925
7.631957
10.918686
8.313456
8.192869
8.336208
7.423836
8.73631
7.685086
9.450681
6.178358
7.941658
5.847737
13.932624
8.553015
8.113009
10.53699
8.411941
37.366325
7.107252
13.571877
9.836495
8.694662
12.805409
11.294843
7.738657
9.872443
13.576927
7.578166
7.32463
7.867039
7.173647
5.615852
8.435155
17.812097
8.591359
15.099395
8.350796
9.956391
7.464692
7.634592
9.457965
4.845195
9.690792
5.515124
9.890977
7.825961
9.932325
9.466401
7.711696
8.940002
8.131655
13.603066
7.583116
8.377446
8.417801
7.52736
7.148059
9.589422
9.176346
9.326418
8.074188
8.107299
7.629483
8.059249
7.831631
7.067286
7.491414
7.268716
7.981684
8.860172
7.080292
7.464332
7.847161
8.541274
9.72149
9.160295
7.246133
6.601883
8.662892
5.580967
8.005629
11.543189
6.598197
7.10585
7.928333
6.317009
7.874011
6.560526
8.552656
7.163758
6.676193
7.815853
7.802126
124.625728
18.677737
22.876489
19.593516
19.793241
11.555896
17.660186
8.746681
16.21368
20.866024
13.001029
11.874744
14.138505
50.107073
17.820146
22.659422
10.421917
15.461628
16.790393
14.721749
18.432206
19.71859
11.775078
8.215555
10.004743
14.405596
10.714235
7.240013
12.008214
9.111607
8.72472
10.734043
9.797524
14.550939
9.18825
8.970192
13.149057
11.005201
13.159618
14.664541
9.820257
9.979106
10.783135
15.646686
11.736014
10.133285
50.428338
12.881365
11.492497
17.542356
13.062254
9.858288
13.377876
15.75569
9.952455
8.827754
13.051955
15.702351
10.122083
9.691516
9.543908
12.661692
9.729226
6.753941
8.93811
11.553312
10.232551
9.580407
10.836896
8.872327
10.1363
17.879378
5.880801
17.238454
14.425695
17.48071
8.997954
8.906341
11.151225
6.370531
9.264443
6.278096
10.922667
16.242836
8.763944
8.953721
11.248899
7.004792
5.802044
10.435081
10.985395
6.213787
7.988078
8.72445
9.026267
10.608517
8.544773
6.294587
10.622914
108.964098
28.750689
21.675465
15.085413
44.208251
11.56327
22.41836
13.865964
13.285534
9.080108
19.745261
18.486298
12.40982
14.193899
14.665163
11.46194
17.710381
10.725927
10.504813
9.483405
8.651984
11.31824
17.03929
10.958845
13.101037
10.283207
12.141776
16.237636
11.101784
10.499432
14.959817
13.786224
8.310133
11.521331
14.144095
13.022871
10.900877
10.059016
11.501555
11.775859
15.9626
10.0879
11.244061
10.099051
11.299034
8.831261
17.091129
15.225476
14.286842
12.674085
12.453982
10.831436
7.03593
9.80002
9.724528
12.557146
11.962168
9.014886
18.567229
11.268677
9.96597
10.739834
10.21045
12.940405
9.052056
13.044281
36.453831
7.028176
6.994271
13.982602
11.562779
13.098052
10.605071
9.037358
11.25955
11.591672
10.86531
12.582233
13.103742
10.275763
16.453321
8.776278
9.640701
9.623548
10.117555
9.323464
10.309256
6.121352
10.481078
7.805484
9.546243
9.964258
10.340845
9.366316
10.19438
5.729427
6.133686
6.078683
10.489805
9.989726
8.002865
9.687559
10.150197
11.002527
8.384151
9.081611
10.606323
9.094805
9.225761
6.352657
6.831696
8.916411
9.920526
8.965833
8.632247
8.439535
6.972641
8.568057
8.035466
12.597171
9.26766
7.405744
10.204839
9.88035
8.76707
6.432757
10.645106
9.089215
10.209318
11.170793
9.722735
6.561229
11.072528
8.216427
53.32124
9.051424
10.471329
6.020414
7.814432
8.018845
12.075592
15.562609
10.085686
9.080118
6.9185
16.497664
7.743378
6.277687
9.043499
8.664107
9.103161
8.566062
19.422295
8.948631
9.280283
8.620665
14.386741
9.319848
9.733154
9.819255
7.688044
7.265911
7.933665
9.834274
18.40722
6.9081
14.829202
9.421429
10.419663
4.900731
7.911083
35.175672
9.802074
8.919456
9.293879
15.983119
6.68964
7.18476
8.191861
8.688152
6.838459
7.525118
5.967033
4.151845
7.054746
5.995346
5.728756
11.194197
8.543921
7.363054
7.498859
4.257924
5.280384
6.254072
8.269286
6.778416
5.571991
7.67009
10.545099
8.041427
7.311297
5.480239
6.250655
6.868907
6.192897
7.276692
5.7947
5.584454
6.081287
7.645885
7.286461
8.306625
8.023995
7.473701
8.498705
6.951572
5.255898
5.039472
6.489815
5.980739
6.411147
5.060271
6.675463
9.249867
18.52467
7.16942
7.455157
9.003374
8.390033
8.899769
8.519666
6.91328
5.233145
7.796818
7.333248
7.922825
9.213599
10.758419
8.40466
34.112416
7.983419
8.554982
5.253633
9.060741
9.023161
8.632979
7.326515
5.083063
14.283737
8.043071
5.277118
10.061019
7.612062
7.156546
5.551072
8.491482
7.981976
7.833296
8.791536
10.222492
9.233796
9.702917
8.735802
5.313526
6.53013
7.594719
6.603057
8.550313
8.957798
8.595147
8.221205
6.394877
7.926341
5.722364
7.51504
7.242057
7.118755
8.674987
8.067576
7.632269
7.489302
7.684678
5.512118
6.946343
7.788851
7.131527
7.664678
10.920404
8.20829
6.964744
7.391044
6.489991
7.142667
7.246553
7.919407
6.6432
7.014798
6.519797
7.320763
10.096888
7.076633
7.226094
6.691069
6.434437
6.355028
6.79298
6.24413
7.698873
49.399618
8.550453
7.351159
6.67553
7.565172
7.0751
7.172754
6.066365
15.805851
6.915771
6.902847
7.671821
7.864493
7.581742
7.025447
8.108071
7.553509
7.563337
7.528302
7.597431
6.584339
6.923355
7.04847
6.605108
7.792217
5.271853
13.756211
5.106643
7.034544
7.094998
6.625796
6.578057
6.973159
7.103163
7.098364
8.224319
7.900921
7.21359
7.353053
6.636196
8.240961
6.943033
7.622749
7.50067
6.307809
6.475073
7.276688
8.882114
7.797607
5.017996
6.17036
7.496211
7.741973
7.084227
6.368062
6.262704
7.414849
6.92641
2.535864
0.78812
0.711366
0.94265
0.54313
0.821273
0.753496
0.850608
0.615076
0.885744
0.834277
1018.625663
0.64944
0.71868
0.650612
0.68165
0.624513
0.683354
0.633259
0.738247
0.659529
0.619433
0.600067
0.512212
0.552377
0.571834
0.663396
0.645673
0.647066
0.690798
0.651684
0.614895
0.525156
0.688904
0.709302
0.614565
154.700823
2.095035
4.821937
7.41583
3.99809
3.80684
4.374798
2.899416
3.313544
2.782236
10.44542
7.992333
3.401359
4.943286
4.960468
4.417507
2.992501
59.100491
15.900115
20.252481
23.576654
31.979258
24.943993
19.597752
23.124165
20.833882
22.784356
25.608762
23.975935
14.362196
18.343766
11.681922
11.214383
18.060894
14.605524
14.212164
14.49712
22.290468
10.460317
8.689511
16.356663
13.861156
13.372488
15.637923
14.327762
13.820749
12.890983
12.82004
11.86176
11.366459
12.149801
12.039304
9.741838
10.189269
10.170714
10.613505
9.941623
9.787073
9.656317
9.526975
7.455894
9.936364
14.761527
10.859176
7.67727
16.40374
9.43933
12.454673
9.347837
16.369617
9.373666
18.728998
10.129185
9.020683
9.40218
11.156034
9.081758
9.974054
7.053859
9.313984
9.332209
11.41992
8.525674
9.22659
8.088091
10.5841
9.45533
9.183539
9.130659
8.387364
10.743349
8.785761
11.204495
14.480729
9.248692
7.817894
8.580816
10.436673
10.5418
10.25408
9.938477
11.178406
10.622592
11.379323
60.805859
37.781716
37.856977
18.329839
17.07332
10.434674
14.812294
13.572025
17.010772
22.428265
14.63431
11.658572
15.775733
29.93548
3.453335
3.268287
3.864837
4.213121
3.635095
4.008697
2.9187
3.803211
3.310747
2.862615
3.038516
4.140544
3.13183
2.940131
4.416693
2.851835
3.330704
32.365402
2.988612
3.923708
3.514729
6.2465
3.101353
2.97699
3.022194
2.588631
3.578479
2.744183
2.650597
2.720879
2.605322
2.723775
3.639615
2.72166
2.84945
3.001766
2.930443
2.867304
3.093108
28.266126
5.287633
4.00928
3.483413
3.747088
3.517006
3.34331
3.696303
3.35381
2.961223
2.354472
3.430744
3.265785
2.997171
3.123227
4.474826
3.925534
3.105784
26.078706
3.29044
3.657841
2.935414
8.845295
3.414273
2.810409
2.771315
2.602228
3.592478
2.964969
2.69373
2.130512
2.993563
2.452036
4.148994
2.65687
2.664124
3.03471
2.643175
2.673492
2.865964
2.951425
43.394052
1.982514
2.00198
1.946591
1.823799
2.074291
2.551113
2.275266
1.858975
1.876467
1.759617
2.50896
1.983071
2.018677
1.773634
1.852856
1.770158
1.703128
1.651074
2.120132
2.093876
2.125955
2.149497
1.879128
2.17228
2.347828
1.729921
2.118574
1.796672
2.082552
1.873314
1.732009
1.491954
1.920851
1.730787
2.292967
1.814209
1.806185
3.839494
1.671452
1.510821
6.162691
1.769281
1.561554
1.506885
1.141521
1.615453
1.692663
2.038631
1.788547
2.082582
2.110603
1.87198
1.569641
1.560254
1.474328
1.276108
1.619803
1.301335
1.532696
1.503162
1.675587
1.987004
2.178292
1.700153
1.724667
1.36868
1.663948
1.054078
1.655923
1.644603
1.654611
1.862862
1.862602
1.804586
1.634737
1.590035
1.693164
1.878923
1.572705
1.471391
1.39377
1.468596
1.908077
1.802444
1.911032
1.682326
1.724483
1.6299
1.629361
1.435899
1.463058
1.566939
1.369248
1.886191
1.374968
1.475281
1.714308
1.538928
1.324517
1.131896
2.30661
4.818625
1.522739
1.389666
1.443756
1.583781
1.438165
1.525555
1.264179
1.349364
1.129643
1.528752
1.386763
1.708611
1.807473
1.42337
1.635119
4.690965
1.229408
4.950492
1.373652
1.323872
1.353876
1.653816
1.309887
1.47033
1.374485
1.590621
1.293678
1.428414
1.63301
1.803882
1.681218
1.732152
1.400875
1.327602
1.125472
1.358879
1.098172
1.29387
1.49055
1.297117
1.518753
1.374529
1.462521
1.644204
1.836116
1.425503
1.606556
1.274587
1.333105
1.477119
1.375592
1.339447
1.395539
1.375203
1.518967
1.382096
1.282323
1.063622
1.299135
3.148629
1.151584
1.326043
1.534196
1.445243
1.283025
1.706784
2.147563
1.935143
1.373482
1.160331
1.348286
1.44231
1.346413
1.43737
1.406384
1.362753
1.283198
1.383893
1.666262
1.37142
1.330135
1.455845
0.900746
1.322792
0.808175
1.435228
1.514965
1.623475
2.059668
1.499948
1.182906
0.995181
0.938246
0.867636
1.033432
1.049211
1.031619
0.927246
1.535857
46.459779
1.746285
1.614391
1.535475
1.741607
1.506953
1.682789
1.256638
1.865968
2.349084
1.908377
1.908548
1.534795
1.396369
1.619874
1.44021
1.673182
1.502045
1.733985
2.862578
1.678733
1.447464
44.294963
3.212644
2.695555
2.782708
2.686978
2.339477
3.023079
2.385794
2.503315
2.711195
3.013802
3.217553
2.938831
3.146831
2.494839
2.852409
2.859553
2.099227
1.841564
3.092951
2.435769
2.322275
2.437652
2.563087
2.514466
2.469832
2.350028
2.535515
2.433835
2.795844
2.461586
2.575722
2.382319
2.535094
4.31333
2.987272
2.546246
2.485121
2.341221
8.123477
2.887967
2.104437
2.032442
2.197382
3.268341
2.072317
1.815045
2.270059
2.346802
2.75615
2.087686
2.412014
2.199836
2.271131
2.054665
2.251784
2.295005
2.405593
1.938306
2.445709
2.470245
2.669979
2.362101
2.413448
42.783553
2.650875
2.17416
1.965509
2.09391
2.51493
2.457642
2.401196
2.604498
2.697562
2.394354
2.45627
2.292433
1.96105
1.501889
2.042032
1.666267
1.458788
1.749504
2.254622
1.97131
2.103818
1.572962
2.198245
2.698744
2.103548
2.350541
1.384749
1.462675
1.916177
2.037814
2.006466
1.771375
1.546632
1.796611
5.361462
2.194648
2.524798
1.559707
2.328921
1.794127
1.42784
1.498593
2.482829
1.538437
1.935332
2.169181
2.096785
2.107455
2.290459
2.244182
2.25368
1.939159
1.506227
8.606321
2.443676
2.264029
2.070056
1.961171
2.092488
2.574491
2.607694
1.826107
2.860819
2.878112
1.775682
2.451821
1.950731
1.619219
1.636171
1.599913
1.757539
2.020492
2.175904
1.856584
1.81734
1.725528
2.239924
1.892512
2.174221
1.535402
2.094421
1.96594
1.682618
1.959528
2.14146
1.970418
1.92876
2.113237
1.891801
1.911317
1.600944
1.937436
2.169551
2.159884
2.165804
1.603128
1.686786
2.151037
2.017526
2.00835
1.857095
2.095453
2.288836
2.479815
1.812492
1.683399
1.36422
2.085054
1.866153
2.03548
1.652171
2.169873
1.950742
2.00336
1.982331
1.569095
1.83293
9.959863
1.901088
1.820207
1.525563
1.81688
1.979626
1.341658
1.681226
1.867334
2.212533
2.16878
2.051801
1.868697
2.146178
1.918971
1.606936
1.168744
2.058924
1.995335
2.06745
2.373645
1.790711
2.040019
1.986498
2.061369
2.00867
93.578147
38.091106
26.036921
32.686458
35.597024
26.354643
19.494226
37.191192
13.774041
14.201795
18.592302
12.806187
14.784423
19.687414
14.369934
20.246608
14.33232
15.258138
12.416598
19.876328
11.704259
27.578562
12.671128
23.212762
7.983393
12.021325
12.248722
18.96916
12.687419
11.987657
10.80929
13.496626
13.287713
11.665972
11.373773
13.142193
13.78829
14.61431
12.124645
13.09936
11.261061
10.783758
12.028574
8.968633
13.254252
12.13871
7.728595
11.73293
8.190698
14.37752
8.997731
10.029476
9.217684
14.02398
6.677109
9.975039
12.84349
13.951236
13.131719
14.594236
14.863136
13.687326
6.433288
13.57935
9.511552
10.409725
6.890179
16.692956
67.15473
36.306034
35.868163
38.208332
25.547843
22.771325
38.575401
23.667847
16.839007
27.063917
9.581173
14.194116
26.634242
13.943986
33.06242
18.187757
11.963161
9.848984
12.411762
13.467804
17.706645
17.327393
36.318217
8.169935
76.502703
9.560456
12.025646
19.287986
46.720077
14.048405
22.679686
12.668022
19.613447
15.284737
8.78546
19.14697
11.715142
15.979782
20.122102
37.736395
25.783706
8.889886
12.180186
22.933693
12.226734
13.669193
18.29497
14.186184
13.626153
14.562109
9.957933
22.015198
13.700842
23.881252
18.790442
13.932357
9.686914
10.814191
10.254109
18.52345
23.433192
13.333162
7.520815
12.273271
9.267376
11.401764
22.348294
12.855584
15.75002
13.361937
9.820174
15.968231
12.084707
11.046969
9.586815
27.970894
18.458449
11.666611
13.506587
10.572988
13.855472
9.191573
10.445348
9.817799
14.953555
9.383604
11.51157
5.795856
10.12699
19.334673
14.069435
28.823997
12.178614
10.636076
8.703015
8.268049
12.721674
15.782842
9.164502
14.155536
7.855303
9.57791
9.318431
30.360412
29.830707
8.69468
14.738271
10.79283
9.404914
11.659869
9.331776
78.537861
41.327101
18.14943
14.589175
35.513233
32.110575
13.0052
16.427637
20.890706
19.7742
32.25156
26.246163
47.165994
28.312512
39.407145
22.651854
53.044792
37.22095
29.632702
15.256808
11.665725
25.764209
20.21056
21.320364
20.302723
10.570017
25.165905
36.984235
9.797997
14.434124
27.533009
23.497571
13.871087
22.139973
25.633161
20.265042
15.815988
9.030527
12.784355
10.118289
28.623798
17.282462
27.472977
14.031958
8.217611
11.619358
13.502534
13.014488
22.109376
18.967696
22.183605
5.702557
7.254211
9.588184
15.069397
33.57189
14.253866
15.212966
15.176468
21.551158
13.674347
17.879824
22.46841
14.560691
10.976301
13.566174
12.981075
9.173195
12.265923
20.00817
13.145444
8.792039
18.239449
18.801344
7.018399
16.89799
28.803547
7.861522
8.040899
33.471712
22.954012
9.706286
9.239139
11.433119
13.630886
19.491511
22.087464
12.901887
11.781623
30.68018
17.737456
8.886798
11.518469
12.845461
9.875193
11.004825
7.316689
32.742874
8.108917
16.944648
7.745384
21.78161
10.216595
14.745739
22.207381
12.682805
53.188727
13.814069
7.421306
25.832077
7.798854
8.691521
16.9184
7.864548
16.201102
7.612766
7.449419
4.502685
7.628865
9.685898
7.326127
21.769619
28.957856
15.462735
33.547474
24.347279
10.58129
11.346887
15.868177
9.044083
23.647646
8.678647
6.418693
16.045911
20.125061
33.756106
7.73246
12.139686
9.187252
9.800162
7.502488
14.276348
36.78301
12.506003
12.292733
7.642421
19.042698
14.230231
10.318946
8.434027
7.353348
9.960734
10.852739
8.342566
17.849087
7.967111
48.016706
16.976048
10.646822
6.087131
7.879146
7.95049
4.548591
6.858479
7.49264
4.55346
13.591723
8.014619
10.921979
4.671511
7.047584
27.39879
5.726062
22.970273
45.327536
43.234926
9.853083
6.749023
8.24894
6.53919
10.451325
19.375394
10.313467
8.092195
10.211886
7.542433
10.70429
9.218921
5.765998
6.429172
6.46441
6.318425
6.141472
6.087021
4.973099
12.018148
9.410061
45.676752
8.432985
9.971004
10.250839
14.380353
4.828547
18.490582
7.666096
7.550488
22.685519
6.632886
6.286725
10.651151
10.743053
5.975461
8.103647
7.384867
14.572324
8.567268
7.444379
8.567388
15.685334
10.105336
6.975128
19.663665
7.281052
10.461004
6.968345
7.243232
10.050994
16.377143
6.850784
6.4331
7.374689
5.749616
6.317483
20.376383
6.30488
6.132876
7.091897
9.238819
7.438248
6.623137
8.157889
7.132243
6.569606
32.647426
36.506302
7.334643
3.840082
3.909381
4.246074
7.113889
5.953309
14.490962
7.488322
23.04832
15.983585
5.755618
6.584755
5.85209
6.33707
6.788488
6.328204
7.184141
16.362105
5.848732
5.772339
8.575533
6.232955
5.699633
11.733523
7.417559
5.929895
7.124779
4.731455
9.8464
17.429841
5.235831
7.861462
16.974876
5.917001
5.667813
10.590307
5.878779
9.538993
8.400836
15.935494
6.121154
10.345357
14.883328
7.447715
6.984005
6.561041
15.897343
5.161853
5.926288
6.352148
5.133721
8.686983
5.768322
14.68128
6.447357
5.348444
6.360775
3.81786
7.588881
15.24598
4.759688
7.3912
12.680722
6.130572
21.632583
6.696626
23.403288
5.928623
7.783316
4.043363
24.013263
10.341329
4.820101
4.189497
8.013419
5.770156
6.143736
5.474761
7.064746
7.186575
39.57197
6.195224
6.287638
4.713521
6.074497
7.144237
6.35251
4.725554
5.824016
5.535906
21.004925
5.135864
9.082937
6.167781
6.747641
5.728959
6.101818
6.176438
5.670378
7.156188
5.406352
30.272627
5.010198
5.503394
4.551597
6.713165
4.695958
5.442851
5.885773
12.560867
5.544011
5.695565
5.2455
6.03905
8.798282
6.064169
8.393192
11.576018
8.303994
6.533309
5.587683
6.833994
4.163038
6.064588
6.466624
9.908818
6.63504
6.951233
5.696086
6.770243
5.918243
4.794534
4.930469
5.763733
6.561051
5.556395
6.023422
5.293961
5.994938
5.264016
12.594631
8.186694
4.167867
8.358687
31.90267
11.064057
6.191367
5.598684
27.218202
23.593465
6.218678
6.284392
15.164126
7.236519
5.168967
5.782038
5.996831
5.882416
5.392566
5.25591
5.04321
4.73421
5.3781
5.694804
6.369301
5.027611
5.565401
4.417115
5.643448
6.182098
4.627821
5.500029
5.096692
5.191188
4.439607
6.28969
5.140563
5.963409
11.144739
5.242775
6.539921
5.477967
7.13561
11.319436
8.759389
5.09606
6.346217
5.640583
5.323827
8.777132
5.64974
5.514977
6.439383
4.78177
4.77637
4.786579
5.292489
6.204441
16.359462
6.186036
5.450306
6.233155
5.46918
7.848128
7.021797
6.478185
6.157553
5.851618
6.014986
6.632565
9.461267
4.832906
3.726637
5.753104
4.99444
7.833309
5.394621
6.925285
5.805512
5.43142
4.568919
18.520529
5.156564
5.865084
10.891223
5.844736
4.874313
16.1619
4.916193
4.490954
6.795551
15.119743
4.843385
3.890727
5.843494
5.932621
6.801653
5.797547
6.434864
5.524935
5.285034
6.215903
4.862431
5.892716
11.969988
5.433363
4.088789
3.737108
20.831449
5.216396
5.825971
5.372359
19.078398
5.584416
5.754537
5.543911
6.85301
6.14024
4.932793
4.692322
2.908492
16.841477
7.033137
18.943854
3.767815
3.731397
3.628113
3.501295
17.881971
3.702212
3.463134
3.378304
3.691502
4.448725
5.032851
4.604787
5.172744
11.053327
4.420692
4.672474
5.83637
6.660187
3.263067
3.498078
3.028597
3.404573
3.31725
4.874924
13.479825
6.492622
8.994811
6.656501
6.797706
7.552383
9.854396
4.891496
5.992454
4.729372
4.400885
6.642655
7.226722
7.765312
4.608524
7.096006
4.556808
4.53652
15.536867
5.674606
7.209409
6.852308
11.888436
5.460224
8.24312
5.356329
6.183643
6.48056
5.307948
5.532179
4.290627
4.811786
18.53673
6.31028
4.215907
5.258154
3.76994
5.970933
7.127435
6.876714
5.765628
4.694927
5.865635
4.463342
5.119023
5.646995
4.585321
4.826033
4.771731
4.118184
5.5701
6.630281
5.095278
5.150272
23.565464
7.581387
5.301326
4.259449
4.013317
11.522989
5.719571
6.337261
6.505246
5.859844
4.958912
5.477587
4.338758
7.533537
4.981695
11.279402
5.020849
3.420673
3.872372
4.846992
6.073956
4.625426
3.47178
5.294513
4.444106
3.373265
4.256042
4.633161
4.379124
8.97814
5.309782
5.530335
5.432802
5.381656
5.221455
5.92626
5.42612
6.907331
19.553439
6.800321
3.492219
2.926426
7.311761
5.646664
3.037364
5.184265
4.912716
3.337989
5.259988
5.458952
5.199905
5.495781
4.054925
5.209352
5.194384
6.726672
5.376807
7.023721
5.631185
7.442386
4.945788
5.376687
7.521274
9.365047
5.738997
6.249546
7.129419
25.209131
35.455082
7.100684
5.562055
6.573975
3.992618
5.559901
5.838143
14.70231
14.578758
6.918141
4.717449
5.868791
6.020706
4.396026
7.069826
24.732437
10.992633
8.132171
4.916543
6.006841
4.021362
4.128814
4.740943
5.519365
4.418037
5.406783
3.942263
10.730802
4.842133
5.489278
4.684887
4.26533
6.133498
6.319477
3.537774
5.134802
3.314424
5.082124
5.063058
81.748734
29.135087
31.549831
21.494717
20.456368
23.310056
31.05404
33.565186
24.844187
18.294097
19.118866
12.140049
15.911983
22.979306
10.721856
22.865542
13.961229
16.357939
12.236356
9.475827
26.710482
11.223417
14.915694
7.873952
10.80915
12.569993
15.82455
9.662728
15.914047
23.393029
12.242168
11.543868
9.152672
19.834092
11.692276
14.272497
15.070795
13.331151
19.558314
8.936176
81.556061
13.431369
21.609619
60.028938
15.696661
20.053047
13.123371
18.228664
59.551263
18.68999
16.371017
21.650497
7.796423
12.709986
17.003374
15.73316
12.960286
14.512409
10.634921
16.997123
46.388809
8.299518
26.254859
7.885531
18.534839
6.19106
5.43912
13.932231
11.002231
15.314625
9.408649
15.596254
12.184049
8.675483
7.923523
13.002706
8.924281
6.815002
8.134068
8.812551
7.910979
9.001575
10.404619
11.008473
8.559967
13.83037
13.173817
9.72839
12.439139
13.96925
17.620463
8.627814
9.757124
8.51875
8.830355
8.311211
47.4904
9.338248
8.12978
10.394421
4.998712
13.56971
10.892595
13.982295
7.485289
8.635138
13.123703
10.939293
7.205845
19.353937
5.934539
11.757159
7.780945
10.291688
11.612917
13.111791
32.96215
46.388884
49.243454
74.025407
84.073326
6.181934
121.016813
12.17867
8.029132
